g=9.81;
I=5;
m=75;
R=1.25;
v0=44;